1000000000000000000000000001
1000000000000110000000000001
1011110111110110111110111101
1011110111110110111110111101
1011110111110110111110111101
1000000000000000000000000001
1000000000000000000000000001
1000000000000000000000000001
1000000000000000000000000001
1000000000000000000000000001
1000000000000000000000000001
1000000000000000000000000001
1000000000000000000000000001
1000000000000000000000000001
1000000000000000000000000001
1000000000000000000000000001
1000000000000000000000000001
1000000000000000000000000001
1000000000000000000000000001
1000000000000000000000000001
1000000000000000000000000001
1000000000000000000000000001
1000000000000000000000000001
1000000000000000000000000001
1000000000000000000000000001
1000000000000000000000000001
1000000000000000000000000001
1000000000000000000000000001
1000000000000000000000000001
1000000000000000000000000001
1000000000000000000000000001

1234567890123456789012345678
