000000000000000000000000000
000000000000010000000000000
001110011110010011110011100
001110011110010011110011100
000000000000000000000000000
000000000000000000000000000
001110010011111110010011100
000000010000010000010000000
000000010000010000010000000
000000011110010011110000000
000000010000000000010000000
000000010000000000010000000
000000010000000000010000000
000000000000000000000000000
000000000000000000000000000
000000010000000000010000000
000000010000000000010000000
000000010000000000010000000
000000010011111110010000000
000000000000010000000000000
000000000000010000000000000
001110011110010011110011100
000010000000000000000010000
000010000000000000000010000
110010010011111110010010011
000000010000010000010000000
000000010000010000010000000
001111111110010011111111100
000000000000000000000000000
000000000000000000000000000
000000000000000000000000000
