11111111111111111111111111111
10000000000000100000000000001
10000000000000100000000000001
10011100111100100111100111001
10000000000000000000000000001
10000000000000000000000000001
10000000000000000000000000001
10000000000000000000000000001
10000000000000000000000000001
10000000000000000000000000001
10000000000000000000000000001
10000000000000000000000000001
10000000000000000000000000001
10000000000000000000000000001
10000000000000000000000000001
10000000000000000000000000001
10000000000000000000000000001
10000000000000000000000000001
10000000000000000000000000001
10000000000000000000000000001
10000000000000000000000000001
10000000000000000000000000001
10000000000000000000000000001
10000000000000000000000000001
10000000000000000000000000001
10000000000000000000000000001
10000000000000000000000000001
10000000000000000000000000001
10000000000000000000000000001
10000000000000000000000000001
10000000000000000000000000001
